1
2
3
3
3
0
4
7
7
4
5
7
7
5
1
6
7
7
6
6
7
7
7
7
7
7
7
0
8
15
15
15
15
15
15
8
9
15
15
15
15
15
15
9
1
10
15
15
15
15
15
15
15
15
11
11
15
15
15
15
15
15
15
15
11
0
12
15
15
15
15
15
15
15
15
15
15
12
13
15
15
15
15
15
15
15
15
15
15
13
1
14
15
15
15
15
15
15
15
15
15
15
14
14
15
15
15
15
15
15
15
15
15
15
15
15
15
15
15
0
16
31
31
31
31
31
31
31
31
31
31
31
31
31
31
16
17
31
31
31
31
31
31
31
31
31
31
31
31
31
31
17
1
18
31
31
31
31
31
31
31
31
31
31
31
31
31
31
31
31
19
19
31
31
31
31
31
31
31
31
31
31
31
31
31
31
31
31
19
0
20
31
31
31
31
31
31
31
31
31
31
31
31
31
31
31
31
31
31
20
