1000
39 7720
21239 2438
8856 11798
8366 32286
10451 30613
5854 28101
1143 282
20538 15922
8946 26286
2998 14681
20977 31892
21656 25907
18458 1324
28882 2241
9726 32279
2447 591
841 18588
16908 21238
23612 12618
12457 868
29534 6879
28224 17888
31598 20585
12213 31112
7579 17067
7630 29405
12280 13506
24389 11650
12330 7177
2332 19265
22115 14137
26929 1103
21653 8405
24338 27857
5599 24773
14098 13214
4684 16704
15261 15943
2748 27376
28872 18005
16674 3153
11820 23505
240 4187
2805 28938
3024 10336
20534 21394
16021 11575
25984 13962
625 7066
27570 12831
24168 12237
31250 23637
15620 25728
12701 24324
14923 22775
6812 12063
3566 25192
120 18748
26051 19621
16335 5969
17525 3578
15047 25532
14459 29273
26531 32135
32582 436
11668 29161
26815 9643
977 32528
3824 21095
1769 9245
13825 14022
30808 29297
26727 14264
23641 1063
9048 15081
10748 15329
10114 1184
16760 12744
16892 11495
7362 29134
8573 28652
28255 28471
3020 23975
8822 20823
1911 11453
30249 32157
19912 13476
6437 720
6389 21256
3448 18841
8855 16494
14756 11842
26205 6168
24817 26557
32002 5928
30215 24552
9084 22280
31675 24847
17015 1800
26666 15538
2561 26953
15876 20361
30087 5851
20523 1734
19456 20258
25469 19098
28776 22142
8941 29178
5744 10282
6617 9123
12148 32613
10392 18524
9133 31696
10066 29307
11176 25880
11028 24234
24054 20948
8483 29163
17702 13745
13457 22746
4592 6860
12815 11314
15795 2655
24066 16019
12578 26784
28889 30595
17209 18406
11677 24498
9335 30478
18121 17026
2631 20253
1373 2246
11967 1062
26158 12490
30860 32111
8576 1941
24365 30927
20694 1898
24416 32090
9993 32661
5082 24897
28312 26980
17979 26355
16959 3699
3137 13704
13259 25644
17724 12384
21804 16527
3010 29191
22476 19503
28579 28252
13855 21885
3103 32755
7036 26953
20055 25783
32299 21638
2 28116
8127 29518
27233 26324
26533 28966
9589 30727
19454 24194
26479 2089
15530 16268
26728 24895
17573 30753
11858 7362
21911 14620
21807 6911
29094 21208
10113 2494
10127 4336
6913 15906
5365 841
1427 26064
25337 22611
7802 21331
28938 11403
8136 27072
8702 29509
7193 27541
32610 23720
23681 12519
9999 23802
23235 2237
14078 14622
11204 18871
11102 15450
28223 22003
25315 31582
4537 5680
15712 18562
2488 12340
2200 15696
16688 31852
12114 32066
25150 32467
24235 5580
17944 26388
5552 8093
8517 23539
21292 1315
16393 5609
21951 4685
26404 3342
8752 12692
11452 15933
17412 31292
23959 19314
31824 29655
17037 31606
21195 13068
23101 23743
15655 13206
23296 3985
20642 5007
4379 31594
12760 5103
27961 29597
14043 592
22296 3901
28549 28660
6274 14396
2061 23048
29823 13780
14809 10026
16073 13862
16019 7722
1920 6946
31103 14861
12063 3750
19212 32600
30383 8682
17065 13963
24634 31771
8921 12267
29571 23622
27530 29828
15092 29304
24227 2159
3288 21540
13020 8785
29898 4036
26834 31780
20845 9155
30299 8506
31326 23707
15382 23934
615 24123
31047 12798
27126 23723
12770 29350
21965 18418
15078 29006
7674 28472
24812 23032
18698 24360
23808 9298
18298 32664
2991 16003
878 13420
6753 21795
6309 1463
7914 23691
18605 4900
19803 16208
32595 22165
16414 22026
31582 31241
1602 3162
28541 17603
27667 22315
12157 25513
12782 24631
15807 4330
9555 2765
19690 24291
20540 13778
2525 10820
12973 24327
16872 30574
14989 2953
14651 16160
28084 6558
17822 28243
31301 24494
355 7522
8510 15504
10905 17006
12109 32008
643 25345
30694 14989
16713 2289
1682 5967
29164 32392
31370 31608
19071 5601
16516 14258
21653 32661
7885 12522
31222 29848
18328 31060
18838 14173
26006 31408
2247 12353
22214 5579
25773 10534
2447 23368
22514 27742
12300 16800
6332 19148
15783 31848
8924 19781
25321 22739
12873 5436
31632 17271
16844 12447
8930 23380
25084 25852
25154 13842
31853 13800
11777 14730
22309 10913
9334 11912
27727 5874
17233 28879
27188 27479
1836 24670
28518 20578
10595 30706
22334 4445
28710 11468
10889 6705
17612 31668
2175 3207
1130 18238
7157 12332
16037 27468
28883 17082
22212 10708
15815 27253
15114 21732
30267 20595
9794 23011
14469 9728
8091 4633
27742 6464
11446 31858
9622 32022
27134 17534
7942 10309
32056 15037
25029 20437
5722 8730
27807 24761
29345 30389
28610 7342
5598 4581
28859 32358
11793 20350
27297 10470
21816 6223
16016 26157
9577 30191
2137 30998
21279 5050
11128 18047
16850 20758
11335 6571
18122 18683
10609 2021
3636 29362
2472 14182
22134 16348
12699 3449
30144 23479
22050 2013
24035 28573
16060 17771
4711 4301
3132 504
17623 15214
22463 2429
2912 32465
15841 26230
26011 16119
10801 20359
934 12115
30434 6245
889 27344
13507 10740
6263 19734
12145 17837
20804 28937
458 6211
28631 30867
20134 24454
2000 420
29122 10119
22283 27767
15613 25341
3189 22294
5575 25319
28958 29216
1750 29043
10128 4810
6682 5151
30048 9764
3828 14622
19202 27038
16547 21501
32225 3274
20735 11654
26799 8291
27497 27365
26106 30351
13314 4105
22785 22625
14107 333
14533 13474
27885 18520
20835 11217
9610 8257
12192 7528
28948 3319
27334 6753
22573 481
16559 24825
30894 23489
14367 17844
23196 12766
15703 11681
4440 16994
27878 32223
32021 32257
195 9312
16527 30427
5017 7661
16123 13988
11874 7530
13881 16386
21559 14428
18769 16182
102 15528
3869 11775
19142 5021
31043 28347
9799 22069
10087 8912
28109 30360
31390 16458
13119 8930
32037 10950
1242 17702
29267 21390
7372 17587
8908 9477
12030 27798
14584 15686
18737 7008
16819 15368
31052 8233
9542 10181
11764 26836
11414 11803
1374 26005
26268 17266
32353 17841
533 26079
16336 29061
28539 1864
27142 26058
24371 25289
9922 21527
28680 16727
27446 11431
8664 29091
8282 30045
24717 30529
9606 4613
15183 13578
24896 25053
7161 5823
21587 22100
4809 32239
25377 26385
2651 30234
18745 1847
30680 29718
27436 32744
23403 9394
31389 21512
9460 3738
8344 4419
20737 2938
8741 12881
20986 23654
13084 30328
6555 23930
27450 21075
22183 7357
4469 24019
15067 22603
12685 25475
23841 10164
12260 29968
3079 21663
20367 10504
9327 9907
24237 26082
16520 9911
31991 24127
21245 7415
12441 8815
620 20202
15681 27447
22809 16403
29045 465
7396 31269
24105 26933
25464 8298
11409 11415
14022 21093
1588 30513
23986 8631
17218 22850
7435 7999
21287 24151
1217 17285
4960 22729
7506 13913
2189 1671
2438 14775
11720 29461
28764 15342
20022 15061
17220 21761
7387 4998
13454 13134
32435 15882
29219 15213
15102 17772
30835 24411
1499 12065
4526 28888
6424 142
21815 29453
20297 15819
15190 12146
29975 17831
6445 4591
17627 12012
6381 4162
16492 2788
585 8352
23860 12571
26411 927
13962 30823
2214 25939
14908 294
2093 6583
874 29895
14594 30799
22427 24204
9712 6924
31242 397
7997 1136
18753 20481
25819 28914
23273 26553
16606 22436
2529 14317
9779 24083
10893 13371
10126 17263
22897 14573
23204 1772
6142 1147
31643 19815
11179 27216
25790 19021
29512 8913
11894 12217
9871 23708
2933 27100
13309 29453
13621 10658
12512 28167
31905 658
4016 12017
21266 8183
4258 28414
24444 21821
8315 29362
29674 3485
6562 5794
30503 24317
7034 6523
5822 17425
27630 18245
21797 16839
5966 27113
18486 31714
16985 8945
7134 31972
25243 4752
11545 13618
20729 28642
20766 30067
27274 30324
7382 26681
13224 19719
16531 20195
12615 18833
19455 1474
27782 13957
28243 4986
21636 32084
1737 18347
29301 23092
6483 11473
9205 32032
31629 20841
20379 15392
19952 11350
18386 15050
5449 8322
20452 11017
2154 25544
30552 2845
26144 19730
16254 1251
26469 19902
16200 21079
8662 6727
14683 19287
28263 17953
22630 170
10325 22244
1459 2112
22620 4781
3580 24251
8235 3521
2175 559
31253 15220
13396 10790
8457 1610
16383 16616
13508 13147
12098 505
28229 5372
21301 25058
30849 20635
2200 9012
16729 15339
12391 15563
22217 5442
5807 30032
9314 6975
15265 22529
9466 18351
13028 26293
23714 12721
3376 11546
11992 23321
25 6466
25854 27923
16424 15710
30987 10249
16688 24265
30849 2758
20703 30280
5023 29915
16276 1424
11479 18497
2928 26120
31874 20033
16816 29905
7379 25489
2618 16388
4617 12224
4469 6458
8937 27603
17502 12626
5484 31793
4825 8558
9141 25020
11332 1343
15685 17985
27218 2691
26738 10258
24087 6603
22549 26865
13151 31874
2436 17456
24132 9259
32448 28695
18176 30442
26863 28294
26623 17734
22284 20699
4665 19757
15581 29462
19390 28216
26149 29244
31890 29489
10780 25081
23996 5331
29468 1416
24218 6608
28317 4056
29815 14361
31075 12007
2143 7001
7158 26226
30514 13506
11091 32209
22520 14349
25057 1309
31860 27068
1190 13715
24572 8867
26811 12605
30856 11430
27901 26063
7688 23748
15366 5839
31739 3669
27228 21240
16701 25487
17639 22753
544 28495
25513 11994
191 11287
21673 29206
20367 25682
29488 8464
567 28640
16184 25895
24738 27342
18722 8075
20562 18789
1447 15709
26615 28007
7697 5906
24896 8341
4267 24345
23793 6260
13686 25533
11574 26449
31517 10316
6710 32387
28715 6521
21740 9712
27772 24831
3122 3283
28401 7303
22559 22460
872 31692
28563 20440
17644 2557
23568 6002
20520 9827
8140 1978
14882 28739
516 7109
24358 10758
30098 3286
7679 22423
19906 988
21358 7181
13666 1083
10708 6794
7192 29647
4402 24162
3577 25646
29523 3712
10582 302
30792 28678
9945 18600
28437 31796
10193 28539
11946 3467
16075 6099
789 26674
26210 15531
31477 8600
23128 30352
10546 11099
1765 32168
12011 1385
590 3316
8624 23397
17594 2770
8690 4428
4674 6854
13751 856
19271 31865
15250 32036
5896 23554
2515 11282
7283 30565
3579 4330
15676 15705
115 13507
1837 18767
125 9511
20413 24751
11370 31602
11747 21861
2574 29563
17964 29084
21361 21878
7436 20681
31687 14105
25457 18924
162 22526
29086 20243
23399 7497
25655 26143
9982 28810
3992 7882
19918 1509
15723 10729
21481 19824
26746 30191
4483 5084
27329 29875
29097 5720
20936 28275
2352 3506
19760 1560
6635 29887
27531 21179
22049 3582
6513 12905
30781 27768
5840 14883
712 1002
22147 26409
15509 1062
31782 30073
15675 951
27689 32658
7624 15812
8740 19325
8628 26423
16746 26894
27668 24349
5089 1384
5392 15952
27409 6079
13207 2644
6010 19298
12114 3968
27179 19192
28374 9822
29840 20745
13853 26708
31372 8641
18743 6019
19143 20977
10045 15855
29002 32599
29063 18400
30793 24095
21278 7561
11071 16297
31860 32744
4161 30349
1875 11501
2955 15325
22292 3806
24928 31146
18705 31482
2577 7881
18781 17245
3163 24534
8114 8227
20981 2426
2218 13264
10858 18410
28466 12016
28709 1968
23100 22266
970 21422
25269 29818
4557 21600
17847 27759
22077 21601
26367 2290
21216 28209
22433 13593
11141 18229
13562 12315
7318 31743
29671 31669
16365 8656
27700 2508
5096 347
14424 27987
30912 28364
15711 4719
6166 25353
28455 16857
27343 14904
9423 29573
20770 15233
4461 13441
28911 19989
13567 9247
20051 32623
22949 19542
21113 16090
28941 22886
13491 29235
26158 29883
31177 18416
14137 18196
32145 27233
27596 26084
15039 30774
15209 12280
17663 26178
30760 23899
10561 11902
4520 18039
10324 28753
17483 9852
32695 26126
18595 23814
13484 21439
5927 29434
5517 21281
5163 26288
25955 8431
14351 856
26037 20323
1974 18326
12958 507
28985 8048
9506 5753
24797 30058
12226 24365
8771 24303
26958 21110
25055 26611
14843 21383
25259 16855
24246 30823
15389 22925
14007 28987
13398 6396
3928 29896
2716 22438
25128 22068
17930 16008
14651 10252
23686 9025
11717 4236
17908 7799
13543 13082
20393 24951
11977 21267
17443 3867
27625 5066
15095 7153
7347 31182
9482 31129
24401 4460
26884 4463
24516 24181
9218 21099
15924 31042
25228 22085
12164 31988
26054 25052
3114 11008
18666 17624
16702 26604
6901 23694
22480 30035
16545 15909
1663 3375
12948 19447
327 16984
27607 14906
31643 19015
7305 18144
4276 5152
29909 10427
1576 20720
7201 31205
7358 20786
10376 8543
25473 23449
10891 32760
16659 24841
8451 25713
10052 12774
